lijn 151 104 152 104 -16777216
lijn 152 104 153 104 -16777216
lijn 153 104 155 105 -16777216
lijn 155 105 155 105 -16777216
lijn 155 105 172 107 -16777216
lijn 172 107 187 108 -16777216
lijn 187 108 200 108 -16777216
lijn 200 108 212 111 -16777216
lijn 212 111 216 111 -16777216
lijn 216 111 216 111 -16777216
lijn 285 75 286 76 -8355712
lijn 286 76 304 87 -8355712
lijn 304 87 338 95 -8355712
lijn 338 95 347 96 -8355712
lijn 347 96 368 101 -8355712
lijn 368 101 377 106 -8355712
lijn 377 106 377 106 -8355712
lijn 245 197 246 199 -13676721
lijn 246 199 261 211 -13676721
lijn 261 211 290 222 -13676721
lijn 290 222 304 227 -13676721
lijn 304 227 310 228 -13676721
lijn 310 228 311 228 -13676721
lijn 311 228 318 230 -13676721
lijn 318 230 318 230 -13676721
lijn 368 304 369 305 -4144960
lijn 369 305 370 305 -4144960
lijn 370 305 373 307 -4144960
lijn 373 307 379 310 -4144960
lijn 379 310 417 328 -4144960
lijn 417 328 446 343 -4144960
lijn 446 343 455 348 -4144960
lijn 455 348 458 349 -4144960
lijn 458 349 458 349 -4144960
lijn 305 389 306 389 -9868951
lijn 306 389 340 398 -9868951
lijn 340 398 402 416 -9868951
lijn 402 416 414 422 -9868951
lijn 414 422 416 422 -9868951
lijn 416 422 416 422 -9868951
lijn 487 44 488 46 -8943463
lijn 488 46 494 55 -8943463
lijn 494 55 515 85 -8943463
lijn 515 85 528 109 -8943463
lijn 528 109 528 109 -8943463
lijn 75 189 77 192 -47872
lijn 77 192 79 194 -47872
lijn 79 194 112 224 -47872
lijn 112 224 121 229 -47872
lijn 121 229 153 252 -47872
lijn 153 252 153 252 -47872
lijn 153 252 153 252 -47872
lijn 216 353 219 351 -2354116
lijn 219 351 222 350 -2354116
lijn 222 350 226 349 -2354116
lijn 226 349 256 337 -2354116
lijn 256 337 266 332 -2354116
lijn 266 332 269 332 -2354116
lijn 269 332 269 332 -2354116
lijn 455 305 456 305 -7667712
lijn 456 305 488 327 -7667712
lijn 488 327 512 335 -7667712
lijn 512 335 513 335 -7667712
lijn 513 335 513 335 -7667712
lijn 439 161 439 162 -5103070
lijn 439 162 458 195 -5103070
lijn 458 195 507 275 -5103070
lijn 507 275 510 279 -5103070
lijn 510 279 510 279 -5103070
lijn 424 361 425 361 -40121
lijn 425 361 461 383 -40121
lijn 461 383 478 388 -40121
lijn 478 388 479 388 -40121
lijn 479 388 479 388 -40121
lijn 258 319 259 319 -2987746
lijn 259 319 311 330 -2987746
lijn 311 330 330 333 -2987746
lijn 330 333 335 335 -2987746
lijn 335 335 335 335 -2987746
lijn 358 312 359 313 -29696
lijn 359 313 386 324 -29696
lijn 386 324 421 340 -29696
lijn 421 340 424 343 -29696
lijn 424 343 424 343 -29696
lijn 424 343 424 343 -29696
lijn 368 282 368 283 -744352
lijn 368 283 418 312 -744352
lijn 418 312 436 319 -744352
lijn 436 319 436 319 -744352
lijn 448 236 448 236 -5952982
lijn 448 236 466 250 -5952982
lijn 466 250 511 291 -5952982
lijn 511 291 512 292 -5952982
lijn 512 292 512 292 -5952982
lijn 376 300 377 300 -2968436
lijn 377 300 390 300 -2968436
lijn 390 300 443 299 -2968436
lijn 443 299 444 299 -2968436
lijn 444 299 444 299 -2968436
lijn 326 64 326 64 -10496
lijn 326 64 344 119 -10496
lijn 344 119 344 122 -10496
lijn 344 122 342 130 -10496
lijn 342 130 342 130 -10496
lijn 337 302 338 302 -32
lijn 338 302 439 304 -32
lijn 439 304 449 304 -32
lijn 449 304 449 304 -32
lijn 361 308 361 309 -2448096
lijn 361 309 402 320 -2448096
lijn 402 320 441 332 -2448096
lijn 441 332 449 332 -2448096
lijn 449 332 449 332 -2448096
lijn 369 284 370 285 -1331
lijn 370 285 446 312 -1331
lijn 446 312 481 328 -1331
lijn 481 328 481 328 -1331
lijn 301 158 302 158 -16751616
lijn 302 158 493 184 -16751616
lijn 493 184 501 199 -16751616
lijn 501 199 501 199 -16751616
lijn 368 335 370 336 -13447886
lijn 370 336 482 348 -13447886
lijn 482 348 484 348 -13447886
lijn 484 348 484 348 -13447886
lijn 318 375 319 375 -8388864
lijn 319 375 454 375 -8388864
lijn 454 375 462 374 -8388864
lijn 462 374 462 374 -8388864
lijn 363 358 364 358 -7278960
lijn 364 358 440 359 -7278960
lijn 440 359 445 360 -7278960
lijn 445 360 445 360 -7278960
lijn 325 334 326 334 -16777088
lijn 326 334 403 353 -16777088
lijn 403 353 425 364 -16777088
lijn 425 364 425 364 -16777088
lijn 379 387 380 386 -15132304
lijn 380 386 435 366 -15132304
lijn 435 366 464 361 -15132304
lijn 464 361 464 361 -15132304
lijn 381 374 382 374 -12490271
lijn 382 374 494 376 -12490271
lijn 494 376 514 386 -12490271
lijn 514 386 514 386 -12490271
lijn 425 408 425 407 -5383962
lijn 425 407 466 382 -5383962
lijn 466 382 509 366 -5383962
lijn 509 366 517 365 -5383962
lijn 517 365 517 365 -5383962
lijn 302 391 302 391 -16711681
lijn 302 391 368 329 -16711681
lijn 368 329 399 320 -16711681
lijn 399 320 399 320 -16711681
lijn 366 372 368 371 -60269
lijn 368 371 467 345 -60269
lijn 467 345 500 345 -60269
lijn 500 345 502 347 -60269
lijn 502 347 502 347 -60269
lijn 409 366 411 366 -18751
lijn 411 366 482 372 -18751
lijn 482 372 507 373 -18751
lijn 507 373 507 373 -18751
lijn 293 341 293 340 -32944
lijn 293 340 328 312 -32944
lijn 328 312 369 283 -32944
lijn 369 283 369 283 -32944
lijn 274 271 275 272 -6943
lijn 275 272 467 358 -6943
lijn 467 358 467 358 -6943
lijn 250 237 251 237 -38476
lijn 251 237 453 270 -38476
lijn 453 270 454 270 -38476
lijn 454 270 454 270 -38476
lijn 332 391 333 390 -11861886
lijn 333 390 465 295 -11861886
lijn 465 295 477 294 -11861886
lijn 477 294 477 294 -11861886
lijn 99 215 100 215 -7114533
lijn 100 215 222 190 -7114533
lijn 222 190 241 192 -7114533
lijn 241 192 241 192 -7114533
lijn 172 343 172 343 -7077677
lijn 172 343 247 275 -7077677
lijn 247 275 259 266 -7077677
lijn 259 266 259 266 -7077677
lijn 221 314 221 313 -2252579
lijn 221 313 322 238 -2252579
lijn 322 238 335 227 -2252579
lijn 335 227 335 227 -2252579
lijn 121 337 121 336 -1644806
lijn 121 336 133 281 -1644806
lijn 133 281 144 249 -1644806
lijn 144 249 144 249 -1644806
lijn 173 314 173 313 -1
lijn 173 313 244 203 -1
lijn 244 203 265 175 -1
lijn 265 175 265 175 -1
