lijn 245 335 486 211 -16777216
lijn 231 319 229 318 -16777216
lijn 229 318 213 286 -16777216
lijn 213 286 168 196 -16777216
lijn 168 196 131 118 -16777216
lijn 131 118 92 48 -16777216
lijn 92 48 89 34 -16777216
lijn 89 34 92 28 -16777216
lijn 92 28 101 28 -16777216
lijn 101 28 121 31 -16777216
lijn 121 31 178 49 -16777216
lijn 178 49 247 83 -16777216
lijn 247 83 292 134 -16777216
lijn 292 134 295 179 -16777216
lijn 295 179 279 231 -16777216
lijn 279 231 252 277 -16777216
lijn 252 277 253 284 -16777216
lijn 253 284 267 289 -16777216
lijn 267 289 322 287 -16777216
lijn 322 287 370 271 -16777216
lijn 370 271 379 222 -16777216
lijn 379 222 371 154 -16777216
lijn 371 154 354 126 -16777216
lijn 354 126 346 130 -16777216
lijn 346 130 382 208 -16777216
lijn 382 208 484 300 -16777216
lijn 484 300 514 333 -16777216
lijn 514 333 509 349 -16777216
lijn 509 349 419 380 -16777216
lijn 419 380 341 381 -16777216
lijn 341 381 280 369 -16777216
lijn 280 369 257 365 -16777216
lijn 257 365 245 365 -16777216
lijn 245 365 236 365 -16777216
lijn 236 365 233 368 -16777216
lijn 233 368 230 371 -16777216
lijn 230 371 228 374 -16777216
lijn 228 374 228 374 -16777216
lijn 75 236 75 237 -16777216
lijn 75 237 77 266 -16777216
lijn 77 266 128 351 -16777216
lijn 128 351 174 382 -16777216
lijn 174 382 241 386 -16777216
lijn 241 386 272 382 -16777216
lijn 272 382 285 381 -16777216
lijn 285 381 304 378 -16777216
lijn 304 378 314 376 -16777216
lijn 314 376 376 353 -16777216
lijn 376 353 399 339 -16777216
lijn 399 339 435 292 -16777216
lijn 435 292 461 261 -16777216
lijn 461 261 491 248 -16777216
lijn 491 248 515 241 -16777216
lijn 515 241 536 226 -16777216
lijn 536 226 545 166 -16777216
lijn 545 166 541 138 -16777216
lijn 541 138 529 117 -16777216
lijn 529 117 521 106 -16777216
lijn 521 106 514 99 -16777216
lijn 514 99 513 99 -16777216
lijn 513 99 506 94 -16777216
lijn 506 94 495 89 -16777216
lijn 495 89 487 88 -16777216
lijn 487 88 482 88 -16777216
lijn 482 88 481 88 -16777216
lijn 481 88 471 86 -16777216
lijn 471 86 470 86 -16777216
lijn 470 86 461 86 -16777216
lijn 461 86 453 86 -16777216
lijn 453 86 438 88 -16777216
lijn 438 88 429 88 -16777216
lijn 429 88 426 89 -16777216
lijn 426 89 425 89 -16777216
lijn 425 89 425 89 -16777216
