tekst 185 218 173 218 -16777216 i
tekst 211 218 173 218 -16777216 k
tekst 211 218 173 218 -16777216  
tekst 240 218 173 218 -16777216 g
tekst 267 218 173 218 -16777216 a
tekst 267 218 173 218 -16777216  
tekst 248 117 223 109 -16777216 m
tekst 260 117 223 109 -16777216 i
tekst 275 117 223 109 -16777216 j
tekst 304 117 223 109 -16777216 n
tekst 304 117 223 109 -16777216  
tekst 316 117 223 109 -16777216 l
tekst 344 117 223 109 -16777216 e
tekst 356 117 223 109 -16777216 l
tekst 368 117 223 109 -16777216 i
tekst 383 117 223 109 -16777216 j
tekst 409 117 223 109 -16777216 k
tekst 437 117 223 109 -16777216 e
tekst 143 88 115 88 -16777216 o
tekst 172 88 115 88 -16777216 p
tekst 195 88 115 88 -16777216 s
tekst 207 88 115 88 -16777216 l
tekst 234 88 115 88 -16777216 a
tekst 261 88 115 88 -16777216 a
tekst 290 88 115 88 -16777216 n
